 16    6   (4)   2   15   15    3    1    5   10   10   10  
  6    6    4    2   15   -1    3    1    5    8    8    8  
 (7)  -1    4    2   15   15    3    1    5    8   13   13  
  7    4    4    2   -1   15    3    1    5    8   13   13  
  7    4   -1    2    2   15    3    1    5    8    8    8  
  7    4   11   11    2   15    3    1    5   {5}  (5)   5  
  7    4   11   11    2   15    3    1   -1   -1    9    9  
 14    4   11   11    2   15    3    1   12   12    9    9  
 14    4   11   11    2   15    3    1   12   12    9    9  
[14]   4   11   11    2   15    3    1   12   12    9    9  
